       Arithmancy   Astronomy  ...     Charms  Flying
Index                          ...                   
0         58384.0 -487.886086  ... -232.79405  -26.89
1         67239.0 -552.060507  ... -252.18425 -113.45
2         23702.0 -366.076117  ... -227.34265   30.42
3         32667.0  697.742809  ... -256.84675  200.64
4         60158.0  436.775204  ... -256.38730  157.98
...           ...         ...  ...        ...     ...
1595      49009.0  354.280086  ... -250.39401  185.83
1596      63296.0  367.531174  ... -246.42719   44.80
1597      63905.0  544.018925  ... -251.63679  198.47
1598      82713.0  453.676219  ... -246.19072  -76.81
1599      48639.0  688.911989  ... -244.02063  -54.77

[1600 rows x 13 columns]
------ description  --------
{'Columns': array(['Arithmancy', 'Astronomy', 'Herbology',
       'Defense Against the Dark Arts', 'Divination', 'Muggle Studies',
       'Ancient Runes', 'History of Magic', 'Transfiguration', 'Potions',
       'Care of Magical Creatures', 'Charms', 'Flying'], dtype=object), 'Count': [1566, 1568, 1567, 1569, 1561, 1565, 1565, 1557, 1566, 1570, 1560, 1600, 1600], 'Mean': [49634.57024265645, 39.797130890164766, 1.1410195296768058, -0.38786349744178583, 3.1539096732863516, -224.5899148634645, 495.747970059158, 2.9630946151165927, 1030.0969463871313, 5.9503729927800775, -0.053427136700496286, -243.3744090125, 21.958012499999985], 'Std': [16679.806035559308, 520.298267605171, 5.219681993531829, 5.212793707585851, 4.155300897977581, 486.3448396520667, 106.28516457845276, 4.425774656123574, 44.12511586678027, 3.14785425039337, 0.971456967725625, 8.783639876017116, 97.63160206806155], '25%': [38510.0, -489.7242166202939, -4.312118224021038, -5.259095401342299, 3.099, -577.5800963375425, 397.5110469338152, 2.218653320946669, 1026.1717128767511, 3.644899504448004, -0.6734392951104043, -250.66859, -41.96], '50%': [49009.0, 258.9341614422865, 3.4690121044769087, -2.5893416144228647, 4.624, -419.16429373366526, 463.91830514671324, 4.378175538816984, 1045.4806571649813, 5.87209281282002, -0.0463258852266251, -244.86802000000003, -2.52], '75%': [60828.0, 524.3927519144191, 5.4210456374755775, 4.904680078747834, 5.6670000000000025, 254.99485732415616, 597.4922295175508, 5.8252416563826825, 1058.445387777596, 8.248788657581947, 0.5884103638811112, -232.55749, 50.45], 'Min': [-24370.0, -966.7405456412164, -10.295662748653244, -10.16211940387396, -8.727, -1086.4968348887983, 283.8696087336624, -8.858992991610515, 906.6273196915248, -4.697483767872527, -3.313675764124477, -261.04892, -181.47], 'Max': [104956.0, 1016.2119403873959, 11.612895082210851, 9.667405456412162, 10.032, 1092.3886105728684, 745.3962198761234, 11.889712754042707, 1098.9582005409077, 13.536762124994421, 3.0565457738978123, -225.42814, 279.07]}
------ sys describe --------
          Arithmancy    Astronomy  ...       Charms       Flying
count    1566.000000  1568.000000  ...  1600.000000  1600.000000
mean    49634.570243    39.797131  ...  -243.374409    21.958012
std     16679.806036   520.298268  ...     8.783640    97.631602
min    -24370.000000  -966.740546  ...  -261.048920  -181.470000
25%     38511.500000  -489.551387  ...  -250.652600   -41.870000
50%     49013.500000   260.289446  ...  -244.867765    -2.515000
75%     60811.250000   524.771949  ...  -232.552305    50.560000
max    104956.000000  1016.211940  ...  -225.428140   279.070000

[8 rows x 13 columns]
------  description --------
             Feature 1	      Feature 2	      Feature 3	      Feature 4	      Feature 5	      Feature 6	      Feature 7	      Feature 8	      Feature 9	     Feature 10	     Feature 11	     Feature 12	     Feature 13	
Count      1566.000000	    1568.000000	    1567.000000	    1569.000000	    1561.000000	    1565.000000	    1565.000000	    1557.000000	    1566.000000	    1570.000000	    1560.000000	    1600.000000	    1600.000000	
Mean      49634.570243	      39.797131	       1.141020	      -0.387863	       3.153910	    -224.589915	     495.747970	       2.963095	    1030.096946	       5.950373	      -0.053427	    -243.374409	      21.958012	
Std       16679.806036	     520.298268	       5.219682	       5.212794	       4.155301	     486.344840	     106.285165	       4.425775	      44.125116	       3.147854	       0.971457	       8.783640	      97.631602	
Min      -24370.000000	    -966.740546	     -10.295663	     -10.162119	      -8.727000	   -1086.496835	     283.869609	      -8.858993	     906.627320	      -4.697484	      -3.313676	    -261.048920	    -181.470000	
25%       38510.000000	    -489.724217	      -4.312118	      -5.259095	       3.099000	    -577.580096	     397.511047	       2.218653	    1026.171713	       3.644900	      -0.673439	    -250.668590	     -41.960000	
50%       49009.000000	     258.934161	       3.469012	      -2.589342	       4.624000	    -419.164294	     463.918305	       4.378176	    1045.480657	       5.872093	      -0.046326	    -244.868020	      -2.520000	
75%       60828.000000	     524.392752	       5.421046	       4.904680	       5.667000	     254.994857	     597.492230	       5.825242	    1058.445388	       8.248789	       0.588410	    -232.557490	      50.450000	
Max      104956.000000	    1016.211940	      11.612895	       9.667405	      10.032000	    1092.388611	     745.396220	      11.889713	    1098.958201	      13.536762	       3.056546	    -225.428140	     279.070000	
